99 68 45 
98 67 44 
97 66 44 
96 65 44 
95 64 44 
94 63 44 
93 62 44 
93 61 44 
92 60 44 
91 59 44 
90 58 44 
90 57 44 
89 56 44 
88 55 44 
88 54 44 
87 53 44 
87 52 44 
86 51 44 
85 50 44 
85 49 44 
84 48 44 
84 47 44 
83 46 44 
82 45 44 
82 44 44 
81 43 44 
81 42 44 
80 41 44 
80 40 44 
79 39 44 
79 38 44 
79 37 44 
78 36 44 
78 35 44 
77 34 44 
77 33 44 
77 32 44 
76 31 44 
76 30 44 
76 29 44 
76 28 44 
75 27 44 
75 26 44 
75 25 44 
75 24 44 
74 23 44 
74 22 44 
74 21 44 
74 20 44 
74 19 44 
74 18 44 
74 17 44 
74 16 44 
74 15 44 
74 14 44 
74 13 44 
74 12 44 
